4012305617
7202914282
2133040662
7172446098
8325694557
2199891017
2404860604
2014442352
2404479519
8284641839
4082535332
5703427129
5122945085
4044844353
8037985330
6464425209
5105382211
8644562291
3369573582
5175360715
7135826578
5867759880
6097938427
2148028195
7342558124
3363742301
6062983517
8433993056
4023402868
3125609558
3145810167
6461291655
3616884370
2486252592
7045606696
9196315407
8153512123
9157558179
3103609069
3347494426
2673370269
4787459576
7709129215
2814456650
3187739395
6097779981
4846953483
4438540196
4177727076
7185277290
3608952633
2564863499
5024268824
8705893200
6268275984
3036709404
2819232962
9104364293
2054097989
3367030099
2102205330
3608867866
9703086699
6466255071
2109925700
2708992142
5123173706
9518347261
6148620187
9318583452
9197027767
5044535811
6467222980
7187674533
5177823670
7183727828
4409300717
8047335066
6623719554
5034766362
4109842851
4048499374
2253610717
7856365386
9012122468
4178423344
2075515468
6159758869
3342162789
6461291650
3234668655
7403425090
5163840861
2253562477
8473289349
4253970165
2677721363
6461300370
8177711732
7734988192
7602400798
3478601007
5129252765
4843436796
7068681511
4049254422
7344281121
5302812564
3148781723
3305917627
5188891486
5129215250
2109121295
9519343876
8123901874
6461235918
2193658670
6624943149
7314392951
3305629905
2315190579
7147225508
3043444272
2037546653
6182195366
6097981070
7603319677
7135383761
2487633272
8642772249
3124045549
9033949223
4142435262
6097754175
2019898191
9167650862
2184834672
7165813817
9254872878
6269696086
7085379366
7196883910
5578466440
7177572581
9708467400
2566582547
2096075630
9855173178
9105755177
4846453235
5406622334
6096678771
3194298008
6102560827
7134779366
7064992494
2037978997
2064342208
7575324430
5128647659
6148998002
6097718454
7172641882
8189867663
8043302652
4106852166
8154551956
9187211107
2017680182
4099089008
6097431888
7637860267
4403092746
3109334590
6318303091
8653543121
8163055951
7635666162
7172833805
2173540719
6304865268
2515932759
4098838872
4052172042
4109370708
2402736581
4106471685
5138587574
7326779453
6142710068
3309906542
7087881956
7164792574
8644462288
8164013324
8183411062
3302653850
3478050480
6068783240
5167463387
8605855692
3122851454
4257784548
3156558175
9402623304
2109627110
8184973393
4026180424
7735753317
2816086025
2406913999
3619399732
7408530144
5053062612
3303485590
5743824398
4405255371
5125763860
7044336052
8163874070
2157363569
5859059343
3183935583
3039151475
3202527334
6196685700
9122371563
4023454898
5704891057
9515993908
5072130701
6146193392
4123708856
4802905415
3012469258
8433603153
5733774104
4192633054
6317571487
3475530358
8455974472
8033202487
2769790088
9143345925
7322333384
5177816595
2815159976
9013578259
6169977194
8479770037
9259370795
7607920978
7736010050
4324133165
8586146332
9107589116
8434559174
5105688404
5183703185
9739486909
7175451445
7793483034
4232902330
2814492874
4345466677
7038300916
7604453022
9038050645
2674550699
8035170692
2707036081
9099899261
4692232251
2147154944
5743339609
8562975878
2055534260
7709123422
5127627698
7074210911
4097862922
3343769571
6789413798
8153222102
4258023017
8088453514
2674336706
3173751515
2034141352
8645549516
3133001541
6099943060
2168624683
2102383098
2169418403
5406218456
9143304143
4102555147
4128217742
9795259679
3145216046
9167619902
9723044497
6106369720
2162684124
4046172632
5122175469
5058646059
3153235431
5753938977
5105656501
8039772962
7656546214
2673517613
8659631261
7195748212
3307208729
8106867271
4092381612
8103645940
3126188850
7048725561
8482037435
3187532923
8642300181
5709474017
2199877827
3237701828
3014918604
7066783958
9104256535
7023680851
8702523267
7326623061
5135159275
6165417278
6303031285
4173433786
6194161813
9038842569
4193492537
8035696899
8187083678
3096887368
5015256428
6018984789
5128096078
4802504859
9792366235
7574658283
9068281277
7064910022
3614248302
6505333545
4439007368
5858153301
4177410335
2106898286
2282298832
2144445675
8162291354
3039478504
7166482081
2568517597
7188512623
6105741457
5169930217
6027905645
5127333072
7182271059
8154962270
5053274867
7602006242
7083334578
2812506389
3172894405
4104566592
2674365332
3363944602
3143827251
7249251462
5057576718
7133823544
4233321824
9702227171
4783966152
4108835646
9792360579
2543864552
6078436913
2525260244
2032392417
7137240097
5058796686
7034213132
9517100701
9562257561
5105939806
2484087981
9197167000
4846023198
6158816595
7578986555
2069840527
8164395304
8646300374
7577873251
6155064871
6063041513
4014977465
5129642791
9378439072
8568382287
5127209254
6205042009
7734076077
8569064392
9194357563
7734761240
4193633223
3019917608
9803002553
7737712594
9725239709
9898355749
4694267556
7148918284
2568313862
2403002616
3234096601
7402236591
9803379835
5706566293
9802997052
4043431961
8565991625
9362031534
7603243873
6127036781
4093652142
2144559097
2817965054
5864894875
8659886560
4704940118
6628275733
2058071380
2106516076
7602950116
6303258411
5593615096
8569854353
6094871514
5058890377
2032529936
8708928048
8478096699
4127213505
5122569900
5013622347
4102592869
5205990888
4193829300
6188431954
6065980174
8129458022
2128471127
2102095302
8456598953
9037782887
9376980528
9205336061
5135017507
9082441085
9494508550
7046192251
9135153029
4102748846
3147265526
9734731654
8037943817
8437056699
7068974259
6145376821
9143297357
6144467795
2106025640
6013071885
2813234545
7038151943
6461246832
3232981941
4109472841
8157571241
3344924009
5052991341
5412262726
6085672144
9134863476
6067063754
2054871190
7607020034
7069513825
8599074053
8047670468
7032829363
2108453287
8329860071
5405299426
3013328626
2197593421
4042886909
4152580367
9032671296
5402935181
9366377616
7708348767
8163631100
8595231090
4105267989
5578764400
2053384391
7246990861
4404745143
6784388913
5106750428
5715671155
8454804377
4106436244
4402433354
7175779605
4125854240
5702885245
8033864398
3044533149
6309135351
2318664006
9165048613
3238540182
7028975567
8145205307
9513502411
3307454111
6786752198
9714049029
4053814866
7187383937
2154762707
8652295050
9105904758
2102188772
8179251939
6085262984
9102338780
6158332985
2107104008
4844693817
7133039865
8048971037
7087246172
6097261200
2562685429
2817705122
3013670532
8476700332
8149524465
3233954764
7064661398
3134122330
2199470893
9362121223
3183683776
3012494972
7635373509
2039344236
8129179416
9893161876
4092014621
2019945330
6193036534
7145299563
5625050572
3619600823
2166760752
4176238677
5129229445
3013361932
5034599861
9517670525
5013982981
5304400947
2146976770
5042822829
3364864857
3372211453
3185883529
9036010034
6314913075
5166508868
7578574651
7085340008
4124956043
5127577759
3203634271
8124773709
2626347669
6105706554
9295311275
8042989363
3153732681
5178855616
3154917808
3014812226
4048577180
3178735874
2172403441
8082610557
2144764659
2153210938
8142395944
7175524420
9517323727
2143913898
4438580937
9793306689
2032071676
2563502096
7326176334
2039376754
9403290233
5188891708
3124014804
5856716795
2524427291
7133910233
9729783788
9894135079
8148254228
9736877124
9123208442
8127971986
5152650661
3149746419
8604290014
8286893414
7188849102
8144105784
2052251413
9362557794
5302697758
8303792935
4052581011
5183268193
7403312162
6062987458
6185610322
2152805861
9064864614
2075628271
9196001194
2073758107
6813588226
9738771592
8174688779
4052733529
4806668156
6192000505
6154416602
5122181216
4052057811
9285923409
5053153727
7322664792
5042750950
8655733366
3362278982
6077538649
8142790983
7634287600
2252574060
5593608022
6193955357
5132124221
9167163502
7402822896
4124216886
6232778272
4342924924
7173428570
5732597070
2283262898
9205264020
2063656869
4058852246
3304146247
9173634629
2176437616
7068639736
6142085685
3303851527
9736754866
8183913398
7189308572
2172233988
2173454990
4142504317
3362484580
6306825044
5706459866
6072234504
6106573217
2692175817
9082454012
6304696973
8174510488
8033596549
8478483917
6017209888
2519622505
9197180230
2709993331
2199621063
4123778603
8174008693
2193260007
9848881587
2057983616
8322599625
7145262791
6107921546
9318029459
4349643861
5169011415
2199374288
5868556161
3138617337
4056770913
7709697305
7049997797
9178687981
7074396324
5704209729
9738278729
7406934034
6628203733
7084666788
8128935923
7202980007
4026493204
9802303276
4322944449
3166192555
8325742984
3612674527
2765963932
3235911609
6128145304
9724824855
8172748950
2077252845
7142006277
8476853966
9316456576
2704342134
5016819914
8055343963
2103579000
6109422127
4193716286
2173729238
7022229619
9727827885
7406826640
7315927313
9017347094
8126834318
3344550344
9106336852
8103276424
3476456831
9287541593
2707371266
7085453101
3169420459
9202096460
8047301844
6017957401
7046857676
3185244515
2157528296
3618341899
9807855445
8622108577
2817388851
8148389233
9316480918
7606178198
7176724254
3017827520
7157730298
6127225893
2078416124
6157911549
4028600310
7574626964
6519259173
8324491869
6106635059
6102982803
8609891411
9795332804
6787780916
3166342050
2103108112
7407564153
8142456376
9724394819
8477414472
3133181164
3102420240
4058997839
4176691260
9257662745
6169873247
7038533754
9033287501
2766325375
9183410667
8562349749
8042763359
3045254549
4232790377
7735960055
9567108517
9375057830
7183861222
6148990499
9144729306
4043967404
7737680718
4403533362
4014865668
4348477301
7733924020
6784611101
4234837466
3378261562
2014328448
7208100974
7313947546
3038563707
4238813964
7192011504
2032682581
4012634614
9188399421
5023038085
5026494822
8062928608
2108370688
6194607266
5184383250
5133195724
5402237931
3347379766
3149416469
8039433260
6607253338
4109971979
2108464013
7403858838
2533769512
9516623791
4106631955
5132328778
3043474547
4058234325
2019979434
9105904286
8609450030
2124273470
7026494279
2244108391
3048923848
2625384442
7757474498
5169313951
7185473177
2035302953
2489300659
7012815972
9102731633
3043421978
7026559165
2038812320
7753740227
5127968465
4029663471
9736674329
5802227433
7038294901
4046716730
3043768704
8142675882
9147236362
2162801744
2518950838
7047471560
3087323470
4088966006
9106948341
9123478800
5173212892
9103243766
2103742539
2522271938
2032155764
9362910146
5414443893
3305359507
9366538820
4104599181
7242125450
5187621564
8594406500
2293229269
6096194193
2109290118
9178599165
3239299137
4103009085
5022954240
7163589152
3304067574
8144475695
8702696801
9296728031
2768592979
5625012200
2566146657
2074074236
9172253038
3034895886
6106097771
4046847100
8156862726
2038746004
4126525086
5043629880
5416592779
6012597232
5595850416
8088952646
3136717884
6148795716
6195611101
3042495094
5708817170
4052199734
4408716375
7792382913
9524456560
5163796581
8057293447
3183931131
2163826680
8303059765
2152147864
8326283533
6152658721
5302572705
3362518648
7065610560
5024602227
8566924814
2672442698
7406953497
3018705251
5152626842
8303054845
8172941844
4104444135
7249412197
8142709586
9108651415
6155461489
5622222947
7153070520
7133054818
5203811431
2186245099
3157338294
4029347573
5103937828
8065676968
8438345761
3043934671
2815478149
3372184177
2548036693
8307192726
9206472000
5703843698
4157406450
9014934465
4342459539
2105155111
8084979220
5403716090
7032298802
3133881894
9189683385
4042055851
6019278986
4422564086
8286999757
4087220434
2176857435
6153954854
3032578717
7085470068
5023482432
3013362136
3148250209
6786382607
3102835444
9012580824
4109375630
8598664369
9209883537
8179925753
6307880190
8324441680
9496977572
5578488590
2763408252
9092734974
5095579694
3132939349
9013253767
5708720676
9842883812
2038923374
8707408034
4098776102
5052039300
8054384491
4087636892
4193487877
2198011134
8038469349
3143245196
5624082323
5165990342
4103231784
3157789390
8037812639
3306652365
2173449383
7322071526
3182903822
6517798985
5122936520
2259392328
2697834196
8703523048
8037733814
7194927017
9014284077
6783128053
3148074483
7609211683
7086485719
5203990599
3087723662
9566219260
5803347311
5753907889
2155957946
8608225645
9858760507
2108726716
3154552537
7024597873
7158842547
4439694366
6824322070
3303830694
4197240606
8595815853
3019244593
7755754454
2154744942
7155793142
2103857017
9563468011
7036255948
7038152723
8312512822
2312872980
3012625864
9722723110
5707731845
7195620969
9563090085
8176377960
5625569613
7732540614
9014900495
7406792315
5593052244
2107182066
3304778728
6095856612
7196351299
9035594615
9566148554
5635889453
7654816063
2015750137
4808356937
4146725639
4129137304
2816153757
9512100021
7373005004
6461427220
5102535107
8188652026
6613975952
7634323209
3306252602
2814378300
8102506185
5173035584
7044774976
5106913634
5164771284
5599057236
7322571679
9365373937
7575626189
9097287299
7084818850
2289189333
7154584443
9196432450
6624185003
7172361085
9254976034
6782450318
5735627112
7142736913
7403042136
7179398932
6193978863
8156644010
4408438386
8145634750
2179876810
3347753722
2188257964
9567345183
4436908396
4192365458
7135215928
9099828171
3148788958
5124061960
2058337582
3176748539
2103654109
3142858163
6187401496
8174878426
2315492303
5188891620
2056316273
5395255821
4703068411
8034381108
7157230721
7073181680
5022948222
5053990123
5135106625
5165107109
9372453208
2159565886
5708758824
5177638500
5745513227
7029562460
2298686350
6014709054
6123000761
9702673424
3308083077
5748480783
7576448527
2095330745
2627243635
3194805779
7733219341
6188665790
2134329623
8166689944
9709883570
3308663647
5048356220
2152329625
2543013201
6468251163
2144608788
5102623901
2604156451
3364766672
4015681589
5053218616
2706513758
7245003027
8049094978
6103262990
7075446398
3145981322
8475108412
3184355306
3133336711
7735078224
5737460339
9012814744
2626549279
4128232137
7404037007
9176221753
9312156062
2565726875
9372141467
6512749028
9063641510
8654071941
3343274260
2678664901
3608701649
8655247390
2818127642
8036842541
9518133260
9286079581
4234772399
5807047779
5164312417
9199430617
5122762676
4108296568
2106023891
2708860682
3165222346
2622449424
3369327791
5133522302
3183774981
7025052451
9518307486
9314332616
8123722429
6369335958
8108202877
6019516533
5134048172
4158638362
5404932055
2512756521
6073877106
6624530326
9563415322
5023402747
4012136199
8129147301
4232559096
9199739752
6092681739
8327549965
9808003541
9207552119
7345939981
3202919800
8324164347
8085615056
5409086010
7175734234
8643676013
6109149389
8144694390
4019242781
3308372285
2538411282
3144755514
5305273603
5852083036
5124463136
9125294968
7065392922
2155544341
9735687229
7733982475
6505953677
6413442381
3475929133
8178218452
9192394404
3378533348
3014977666
8282200052
2158771607
7166888356
6144772473
6618749719
7205862336
9146033928
5126532213
5172866959
4845472741
2604898342
8059344171
2697885433
7149701992
5734832641
8283420084
4122435360
2289904150
2483103366
4802413484
9379194343
6306055413
6622142278
8285592282
9169562468
5597816305
8174759607
7037528958
7185432973
8035483840
6162932659
9103297011
2102606316
9703149207
5044950367
3182408233
8046754645
5165622008
8039831897
3373682388
3036976332
6099470705
7012586569
5593393735
7132524499
5857644626
2054292229
6022793198
6144972366
6262961399
7405298311
7753035273
6068773667
5095343022
2158242217
7066892083
7037197216
4109979448
8605697470
8182720814
2059254892
9802370003
8179299895
9108686490
9106539335
4043436655
5863600201
2514788325
2146168316
6237074500
9312247911
7039418810
2294256318
9037846415
2105956145
7017722913
8042296885
8478006532
7343694307
6093203729
9175774115
4097900179
2488874160
5202992075
2607499848
3018851288
8062012073
8643568318
2763937242
6193015067
9512540862
6098284936
3239538282
4046830604
8606827379
9733737864
7734499159
4053266088
3135639349
2534576339
8142424470
8059254306
9726445582
7575827357
8108751954
6164472016
9035933701
3135255176
7175995050
2818087533
9185694435
8646307282
4024435337
9196915793
2543153480
9186199062
9256395656
2513771310
9314739427
2106127883
7135916251
7168372237
4198922665
4123677612
2102559415
9125962090
2102183168
4194728812
3309952667
3138642676
9035031002
5706887886
6108642487
8582796377
6092203012
7246241379
2566945664
8472040559
9102891698
3036675933
4142077186
5409318463
9288544449
5703870693
5023630857
3042164530
3042422696
5175150605
2132723900
7182518576
3612419249
9897781829
5164842571
3184530590
7049382927
2073685160
5405224201
4234875720
9083348545
9403379895
6105006416
4042449314
6153892232
9516966944
9797767549
3232464765
6159183601
9012195241
4083918875
5202820242
8432003109
6462511003
5702047766
4438963497
6103842600
3019333017
4197650034
7758304098
5757602123
8179229464
9172240190
8285144400
3186588696
4192223619
9125373816
3013368054
5636504819
9896875064
6148755272
7243298971
3348744474
8184841008
2566564809
9086424333
7735851550
3183761971
9528842997
2146167130
7136756550
5162442240
2188798155
3035641099
9195831434
5129968080
2817600357
6514367125
8186486359
2159355213
5163670600
6306201622
2152370188
3175719173
7243253998
5018348351
4403509658
6306057210
3042363239
8176812100
6305963560
3187552221
4846553779
5033137877
9854477038
2096721781
6107454235
9102065345
3236367630
4052628499
5806955991
9378905972
3369633840
4102826050
6128492836
9563835454
6065472412
2173138693
7196849702
2699348083
5098795518
7022051972
7182822556
2054003164
4102518932
4157109284
7183460171
3013676261
5857273015
8604829894
4796488878
2817954440
9854153118
6085332675
9206194112
2245409288
3182101306
7044183711
8125370215
7178233464
6147785188
2069326648
8322120660
7172852228
5409624027
5202108645
4787143375
8602384562
6627202293
4175978367
8142016885
8453232013
9206674357
3608781026
7068827421
4342372893
3608910318
9704342724
2102134547
4237546207
8455864190
3034227331
6512921492
4695942605
5012265527
4014637483
4156787040
9032274446
8706721058
6145920588
3033377878
2297230896
5856135805
8102102846
9312842590
2103673952
5855944138
6812229867
3182513044
2627650974
8177814340
2315474316
8174883134
8056339027
9318796119
5622547567
7013718727
3182371493
5855193422
2814511457
5598241869
7347763160
2627973400
4197472447
7033465734
4232929075
3083676608
8643745441
4198824577
9123673186
4347912948
7577186607
4015960996
8176586504
9726899332
3037562578
9562277493
3344651396
9152580737
7183515542
8474267966
7705328563
9727728025
3177585459
2104806951
4233200369
7049058570
7248140808
7654572146
4409158674
2098488775
7406337320
3305592400
7406635337
2705363823
2057464191
8303091598
3174957373
2722080139
7189270314
9365645823
8437950676
9512597112
5207775817
5302513532
4106581950
7244723692
9407044869
7316656397
5122500134
6095606568
8478588440
3135874941
7324692943
2103348697
9198513234
5305983786
6462351702
7023314289
9122722385
3377801767
3344124768
9143159026
2058714016
9898928736
4694870223
9122948165
7248659788
2175263483
8458873206
5672307292
8177147880
2145977657
5712391337
6315888598
2103163902
5052506616
3016955060
9087352599
7186428303
5309187797
9494941403
9184924029
5056723703
7733731442
6823849718
3155981718
6097587860
8289633613
3015823730
5202890038
8108771170
8167818227
9015157288
6197192620
7205697543
2106434194
6618605781
8158215916
9175183409
8604236171
8042250929
2109461776
6468979827
2487653447
2345719202
7039280593
4123988980
2134876919
9164255233
3145705030
7736064606
2122818805
3015985139
5122827266
3618509800
9189236177
6157473417
5735767085
6066191088
3302128462
3157254221
8125924364
7074479547
8622838789
4127790550
5204263932
6193027870
5203970560
9172948252
2817712073
9363555533
2159476700
2033819275
2013578337
5748503394
6292770239
5868736974
5106984636
3143050443
8159950102
2196713492
6108237127
9802140039
9376249883
2064471575
7065669681
7029276642
6362942432
8326218099
7574635668
7045039890
3308712728
7173306628
6628932654
4782520568
3042893027
2168623564
9088871649
7342507633
7086014641
8187644860
7653199657
4043517351
9493547630
2672424715
3307086151
6626478806
9795673953
8566628697
3134026400
2283245710
2699644983
3238748386
3035204390
4027090201
8476803770
2813522373
8159356824
3149733152
3308588350
5402616164
9033802133
2147256368
2177664115
7318038546
4247509945
4699963683
8046509112
8436345157
9147624061
4783191695
3308367957
6517381305
9013364037
9102805028
8477549726
7403854783
8154314922
9208896131
7142309033
7029142016
3037763525
7205457037
2563867976
5406521845
9014638318
2128778515
5706456767
3092026825
8124761227
6234284321
9096220622
3104996988
3034032257
6622334862
5853812085
2176281072
2817249793
2054261546
7179213283
8567692725
7707133522
3613182495
7025621896
3174093785
4047867700
5024572808
7185480767
7015723271
2254732191
7602204527
8438330048
8082065067
9083614158
8592763282
2033942474
7063594537
9015074680
2283247766
5122725798
6362199320
9702642720
6157911518
2102645215
4125512035
9362936255
9167169250
7068167375
5128693789
2109922455
7757385100
2053387349
8183256691
3188054448
2102145340
9039489821
8592210617
6503594029
4195606900
2149955378
2034440701
6309641254
8702047387
4157400975
3123429731
5865964644
5742654454
5127887284
5182327290
7178803562
3012237431
3143135696
4402502341
2165717657
5706686067
5706549902
8604341293
3172907138
3015591464
7132485866
6107791153
2178208001
5044323189
4432958110
4108526410
3032791628
8608903951
4014731201
2038463876
7029791489
8608896913
6782348690
8562965841
8176921427
9373607406
3202959615
4808071823
8327075617
2672216894
3365994219
3309258231
3178396378
4047286316
9514384147
4437393452
2317665930
3104543117
2125293043
8323302509
8644296072
7658258240
3474576168
5022957950
8307762542
4758003301
2152763655
8033123323
6104390696
2814843014
2703505959
4796432325
5079458350
4808443959
8034440871
5188891440
2052180811
3168412927
6502703473
3306121104
6825575320
2148935385
6105229017
7609577171
6186380360
2093550334
9797035193
4809524745
8082829200
9407820443
2514424077
9254705469
2099460710
6154998208
6095023552
8168470332
8035301734
3135313625
7069748370
6624297500
6789335191
2703628155
4013001988
2106471657
8143264594
7753589017
5403802680
2765656048
8592000434
9729836123
9739427795
7737048115
8434026924
7065134830
3013208189
6199771681
8184043309
8602967176
5208253572
6013667594
9033061488
9728061165
4342635065
7188249281
4148757745
3308359165
4236452628
6517763052
3342374324
3237249346
7036854647
3142657082
9518342652
8032859346
2286978907
3175234732
9034137331
8037668476
8327573690
5592225058
4322965271
9259378083
7164807446
5308859248
8644910034
3085861041
7658660619
2313921903
2036450656
2134004840
4343828584
9315273660
8033607500
8038252024
8102336699
5673952445
3138932575
3042694566
2818120134
4236201532
3033777867
7406592321
5184666346
9034278242
8607968270
6093967487
2815467072
9313092419
6318714216
8283031836
3306752314
2056122244
9175206771
3303966656
9524735683
3154083434
7087539782
8035684311
3049278414
4803545798
3043847612
4433061797
6184066496
6268646840
3106444119
7083452830
4056132784
7036711200
8163922048
2057980548
7206093668
7182361183
6628719444
4015290727
7173157228
6128396117
6122449911
3368996372
9722915402
5108321553
5172502022
4106245716
9092926431
2533355955
2707373516
4343327730
5134095383
2143769450
7657758024
2109931586
5023161196
8329070031
6624141355
8437964052
8328933699
6461229272
3347490001
9103306352
3304124888
8179250606
7182903149
9125294938
7572548855
8436507058
7189874672
4042181531
8187028084
5132510856
4305889360
7245849144
2164698068
8043781122
8033946246
3309522728
3039456216
9172518492
9317795204
7186226327
9727905952
9063374025
5167590644
5202944164
2099692192
2483344642
9158585038
8314262715
8473979143
8326548312
9014949566
4057944329
8159648521
5153717799
8172473550
7576935522
9164958457
6125815050
2537703849
6106422205
8283892068
7033547079
9038522004
8128418557
9894018747
9313638901
5707049523
4402403900
6512266972
8168061116
7045607946
9194980634
3619469021
3012834049
6019519223
7407380741
6235447251
7135979237
4042889544
7707553239
7326004237
4322697044
6019449925
2145208180
9098310199
6265888223
5137099475
8648559744
3158718494
5804821306
7575920421
3309377090
9362731978
5808192631
4086038107
4083130524
4056844476
8162846299
4027194208
7736240801
2566134612
9493224375
8326163157
7578184477
2254273699
6302343982
2108315631
4125272732
9097202796
7739836191
7046327100
2818523991
8047321175
2108311604
9316758028
2104325964
6194643353
8327296370
7048246552
7704836512
9726936014
5057924108
8594752069
5044000669
2139735095
8584994240
6015620140
4158971123
6107590936
8042750167
8183839090
6166900433
4237276984
4097711070
7134750706
3136081421
2095780982
2156980896
4145077191
7732613981
2288313724
3137686125
5166217451
8433657851
5127832780
6603435683
2563622517
5052687176
7602747097
5108612006
7087470317
3472634545
4343697104
8179097002
7177323300
7855779735
9312953039
3605335921
7189460818
3147325010
4096005839
2104152818
5867729474
4783025216
9514618553
9363273065
2516050517
5205469723
7144999003
7602465265
4199372254
6822306978
2514781694
2526417700
2818446088
7047194848
3304072693
2105090060
9159754538
5404060231
2817036801
5807616267
8036659830
9152703840
5136875051
3606708482
6062246582
9014854530
7733750302
5625316224
4042721154
8642296225
7312537015
8437790817
2316272366
4239499770
3092699533
7736989988
4124863852
8282449371
4084800725
4104894945
5094706489
7157994994
6318486813
7026418750
7155693810
4805138114
3014428254
6185488928
8145992562
2813590962
2162785905
6089384319
8146353322
4103094337
2562394831
6208739304
7578517354
5053884982
6104944767
6092880205
3235828401
3177800749
2107253887
5037794898
8436023779
4056171093
9187758254
6235358067
6023254064
6026267418
3309887787
6106880461
5862198543
9013384303
6615887050
6014022531
5184874262
6504583266
7155510411
5308285698
9364413968
4809463928
5868760050
2156881186
2076224561
2156008202
7703317442
8107060169
3152788515
9108497649
4086239937
6184205163
7032269001
3366041307
9037290315
4802470073
6303526263
3032483794
6077973808
7022708537
4193824526
2814962213
2158580227
4085697548
8473084714
2142174626
4102945714
5306611573
7602479425
5012059217
8145027539
9093806333
2195081382
8479712539
7602170296
2407078604
8036636450
4238949601
3365990238
7022326317
7707109704
4192280568
2172232335
9152411960
8655226873
8569851524
5595606957
3142978113
7197499340
3237776825
2562452349
3306305645
4848091151
4106323328
8045130619
3036825360
7347539274
7068413968
3306370433
7247754862
5755002784
5704471044
2564318608
7608478260
2527561426
4143049828
5135826992
6012593726
7079513579
9129277658
5627876100
5176298551
3175129035
8643131948
8325616075
2817482100
6514576304
7039291905
2488950504
9564790175
4235108962
2124210337
8143746005
3032879525
2154068331
6107039872
7168770409
6625716445
9144006102
2104005487
5018510407
8153832854
2537338721
4342508391
7142939730
2282529960
3128044474
7039302228
7733837698
5156895216
7404758406
4143332274
6183220302
3202411131
4436164529
2604333475
9312208104
2064968887
7602425068
6014540322
6208993756
5734507471
4404614012
8648622113
5167498601
8439443600
8038499747
6099776600
3603442456
7162015873
3086331087
4106272707
2627494974
3308448609
8159684643
4014370034
2107308482
2679472363
2513693075
7402262451
3617980765
8088365370
4194681472
3462005934
6156017167
7046781284
7578250842
3189633036
5712423425
7134195449
9203612240
5023485471
8047614806
6199131006
2516047920
7653953993
9809005321
4803009061
5713887462
8126052294
9187476508
7178179619
3478795386
9567081499
6147667978
6194645024
8043991761
9097093629
5177498792
7753317665
5594294977
3144553001
7603278526
6103829704
8457837205
9512205383
6125976960
2487459727
8033316732
6163041063
4782758473
5805367956
5738933051
3146070867
6019540710
8162230763
9723176217
6186712199
4842267944
9088358257
7084253605
9099651900
9493768795
8156923765
7183223892
2159047396
5127753698
9724236088
4174375822
7632429257
8609048177
2132105365
8599487998
7634327836
7652099319
5639208936
4082658711
2058877389
2125334877
7026013811
6236933492
2562062858
4055689608
7405960143
8477227695
2817043419
9133793719
9136363653
5405815129
9317963701
7654474814
8174671565
8596992532
2675159010
8643267268
3018688438
8455054977
5408225637
2292248502
2244256441
3138466316
2546346223
8036715527
6616999371
9189947429
5129641521
8126639205
6092802420
9034723069
6608264894
3478252890
9097472719
7069695600
4806773531
9103306018
7016400999
9562333467
2108430364
7088906806
9732081019
4408643173
6196452864
5866156053
3184234361
3082473293
6088390254
2059264868
3302217186
4242879282
7736398593
3209956219
9017548934
6198611470
9362936156
2054294364
3104452800
6062374559
2133824064
2012919495
7733068170
3044572689
3342009796
4193752762
6198894984
2674345196
8068939675
3135499834
5024253829
9894448828
7348957793
7136729990
8434958138
9012823017
7316941612
9097456883
5419990777
6143324071
9124335706
4803452576
4803911189
9378384684
5742899430
9899805847
7316161208
5054485240
2103005101
7035386998
4124883962
8325243167
3109844780
7343237876
7572559298
2675235015
9166843837
6156445921
3373610576
2294031565
7186481249
8708986124
7574988398
3092694850
4233273851
4196272685
8187083440
7166627559
7072059397
2126791964
9729984712
5124611592
5106379353
8653821825
9362221979
3367250790
5592338755
9285336582
4016377871
9159990612
8476342013
4107615283
2095867751
5095213422
9108744751
2107211943
4147042289
7172743191
9169126578
4193407469
3102930721
5716210898
5024171499
4253924231
5132562482
4232026666
2514630759
9403210449
8457971585
7074440240
5307213688
6824226732
5124267475
7635616777
9703097882
3047886284
7735874212
3145035456
2136232225
9257095523
5403407836
7402453908
2813953596
7757710326
3307859348
9124337702
7732879244
3256606423
5029759585
6096382968
5733783327
4403811435
9512017709
6206408989
3207634862
2165100954
2623777431
5175829583
2522372495
6503301895
5802251156
4103309194
5406212314
7697988645
7173623316
7248370013
4158191367
3306923077
6164037320
3182821187
2629302889
3044872555
4093810168
4096838512
2315344420
5418446939
9892571133
5864606718
7138714171
4042121053
2033752810
4104353903
5127713299
2054412727
9259379471
6102531253
5055011814
5708893793
7316072174
4176737317
2815074573
3145832328
8036990541
9103243081
4793532933
5416536339
7176179049
3183326599
9377274248
6312817416
5674594000
7173604932
4703959113
7149638529
2702104618
8656546702
2054209870
9122455330
6515026637
9792039604
6305700347
3109735281
2528858374
3173081515
2252027139
8167994598
6095612637
7187219005
7755304605
8474545926
6186753368
7248257872
9125856423
2017883704
4026932257
5714627408
6362814869
9174425940
3304484620
6233268719
2542291735
5133736710
7316769117
4105600208
2177211862
2105968473
2513428821
5099918886
4048095404
2075428920
7707750973
3144887923
5057533003
3238363497
2678723716
6626643774
3306992698
5205592127
9317212781
3367404199
8033774993
8184215231
5734458783
8146352334
5058236470
8036065216
5179449119
8656541898
9036463360
5704239253
2104140706
9253493880
8036641596
7148010114
3045953813
3095159060
6784598631
4345947491
3344886797
4018216723
6235469232
9082409514
2173956491
8704386016
8649031302
2513487957
6623150889
7325493038
4196313604
8043996296
7347884289
5714577061
9728965259
6152954313
7602708825
9516746565
9285152648
4017814892
2014104119
2015751151
3012621434
2092034268
2517217020
2079982412
6203071009
2102692881
9314682518
4802443639
9798285442
9365976248
2524153757
3138635745
8285753093
2489053569
8157845577
5164323175
3375139870
5049001613
6313662057
5177067774
4107287366
4234351684
7183385112
4793341204
3305650583
6782516939
5033281786
6162178296
2133055431
2246781780
5703918707
6013080890
8183610389
9036923960
3306123230
2072996615
3233029579
6012187552
7087475219
4407247167
9725540253
6307060643
9512080407
4026144802
4018312721
8173136785
8705884712
2818398776
6096647398
2038501771
3139782624
6233499568
8435042291
9017854791
7022797744
8458961306
4016512319
7136287751
7315713528
7632917817
2164966555
7086220645
7065185784
6083596364
9162066772
9857913140
6149291812
5863298710
7705484531
2679302001
7249985407
9287686270
8477672591
9517129372
2154764038
4022280767
9527584387
5043416508
8323147881
2163156539
3347383767
3364148719
5706452472
8188258167
7062715157
9898314734
7139267198
8153854198
5053201147
3135506986
2198653491
2765964113
2106660977
9206609777
8162910124
5048643348
2144777371
2069535203
5026490510
3019631741
2815504887
5127346309
2036917191
7609089500
4053656080
2166717496
3373968054
7074812990
2486243586
2525513041
7135455836
6188493359
8187863752
9405216501
8648522402
9513982402
9738753846
7248586753
9099470423
5186956780
8608870301
6083208299
4053640143
6269674636
4175374420
6461250077
2252560122
7572297764
9192663774
7659945040
5755288811
2152688232
5164765920
3142266821
3309150346
4055423821
2105715079
3094838011
8182692665
7173981685
8103997087
6157908638
2052994931
9063876621
5126984506
9032216930
2705908304
7604098767
2056001598
5169223977
6625280664
5203697348
8606426611
5103326911
3614428883
6265332844
5419053085
2529453169
3157981178
4195093597
7187559329
5164241474
2158528429
9736674478
2107935335
9089554090
8037984656
7242745392
8054063876
2532250701
3126786077
8036624351
3012031506
7737666753
7576156566
9152351549
9514962764
9495451446
7048736515
6628344537
4795023465
5138997519
3184170748
6197405100
9187247756
7244790202
5402878444
6512270584
8173236609
4125270278
9037870047
8033856054
4792360632
6143710936
7062346843
7736104876
2812124988
2147285157
6015192356
7145987857
7012696769
6462449191
7203353754
5037072393
8703642685
6076391008
9206272923
8477103247
3108290260
3375815123
8434794429
6789067738
5599011044
3125602295
2545373573
7735074154
4024044281
4193542958
7326146931
5708241960
3368536667
4147457775
3016452482
5708335014
5737655996
3232568760
4844853136
7137728003
3368171914
9167252317
8562616864
9014380711
8324210280
3146000816
7652441662
6606652911
5593690681
4028799259
2129275361
8327903609
2177932593
3032551211
5407866981
7172481737
5176692548
3306001624
9036632877
7323304299
6103695883
3204200849
7088998598
2607440737
6108039383
3193418692
3477025613
6614923406
6505760509
7186797000
6605824807
3043668627
6099148440
5738936095
4103010891
3343655920
6194654509
4023828840
8124985176
4023304755
6092348409
4159820364
5709252292
9517461199
2104107658
6302931857
2692086747
8659380525
4692753968
8436972041
7088982668
8178805985
9514189248
8173002590
8103259424
8038770481
5124662305
9312961144
5406208212
2318386903
2543865036
2702596382
8173351612
6823081865
2165819564
2019475361
6077934925
2604130129
6822836656
8322065224
4842134708
4346562446
9375613967
3207326031
6192638482
7207301357
2138840118
9124822063
3189385410
4083159433
7406567565
5866982594
7136799447
7186711466
4346362481
7074559209
4809904740
7044724314
2143649152
9494363444
8147334539
5419235538
5026360570
6194170090
3307660606
9792296018
9365527071
3254286766
2568591685
6015292727
7028390605
6157359637
3309159847
5736364438
7737590810
4258910320
9174393821
7574034752
4346657513
4803238271
7196388658
4403441183
9706683454
3183554931
6067333376
3166446354
4232399334
3186366486
6063933217
3169921088
8034460666
5737597173
8155298495
9284283516
7404417386
8034645067
9196339124
9099853152
3134276490
8655242613
2483320097
5026191156
2016384993
7407035855
2015685193
9037858735
7752671990
9207870839
6165349892
3346166648
9493029588
2146093675
2569133865
6144883419
8326426477
7173824073
2158487823
6186372171
5172602979
2016978339
9362050585
3256656498
5409087721
9723480202
6302096480
6088395722
5188892770
6017766356
2107252428
9097582083
4192614001
3102570508
4099353005
3308395440
5127963528
5133791733
7044854091
8568455914
5593161680
4096594485
5712391865
5857508564
7656621261
9035395442
5104409808
7758309905
9375090796
8454539390
6155947711
9738978778
4405428042
2177352255
4257720616
7168370949
6363889127
9164225148
7047399427
7172633833
3369612211
6105599646
2706251397
7192334577
8709423207
2108490762
2073298101
9147552385
3179245797
5624326207
6192448905
8433959653
7158454456
2483449485
4043109430
2039275496
3343271994
5052926321
8328891155
5136594962
9104808328
2527251448
4233443204
9563571513
2816650731
8175848009
8647728034
8305404776
7136352841
8608360824
8328188988
8155386276
5028214709
4089218462
7199344693
7574897963
5733034500
6145399236
7733879993
8433124108
2105666290
2143881076
9183518100
2672622657
7192510727
4254701371
5867443758
3147401326
4178339169
5026809822
3306790345
7194691487
2512436039
2059990406
2565099659
6097679333
8174669906
4324888503
6304537147
4018356086
9727424338
8045904134
3124138606
5629491739
3103393641
6232154672
9734893072
5757704402
6235335301
2187900522
9037239007
4193313646
7062353986
8473282268
4094976436
4439029090
2102623640
5132571126
8642754513
2165262362
4193676644
2108916603
7143350765
2704883625
3174149134
6093147772
5626939924
4094994476
4322340308
2318711480
2696517853
3016757310
3303297977
5099399441
6086376993
9796902975
5022203996
6789008671
2154626334
2146425814
7035876256
9516771253
6262363694
7135018252
4094570030
8564151901
6187079653
6314720297
6186101111
4023952357
4052951762
8177264980
7314562951
9372220699
6185329032
4109573260
5707353762
7063993553
7345482400
3234248195
7183618352
3017922682
2153798380
2699087192
3617791586
2482270628
6613329036
2075501849
8174800643
8045161446
5045835021
6262816421
4254665857
9182134253
3086358514
3618345926
3184910644
7048886034
3042495571
7242220256
5174147427
8189958329
2106069786
5125543554
2817396751
5074021922
9037780149
6102852331
8168614643
3178539053
9292898439
2056574103
7858423225
5126790116
7043250977
5048134825
7732854193
7328336750
2108961208
8325155671
2078436739
8157624494
6064740927
2603482082
8047848868
6183806159
7177323504
7315121888
6152024149
4122077390
2017127696
2538614325
5735682921
9897324014
6316680211
6623734014
2095313965
8177746360
6363461359
9036935689
7175040352
4439951302
7044317313
7186048005
8475144530
5095548261
9082053248
4013155467
2103252900
4107054211
9164524926
6789061806
5303334583
7155513729
9199475045
7046486280
7325724578
9512891942
5023226557
6083177646
2813530615
3177240589
2292637816
7135571978
2252351288
9517389833
9036419788
3139714856
5303861980
2105841380
8582681758
3604019853
8565371150
5735920435
8165883684
4084216495
3166554411
7024874891
4173069122
9894650179
9287105567
4806997287
8474552610
2699651944
7342073919
3034221804
5862432275
6155600556
9317225337
3136755542
3304479099
5753655781
4328896308
5159670344
3017381070
4018612955
9725301671
2547225432
2542388010
4697742708
5012294727
7242084001
5123516089
7604311338
9176538771
2514061973
3132475570
2058794577
8102326143
9189069923
4058269338
6466176895
2814378954
5595927218
4019464661
9292379790
2482170928
4104631946
5097223549
4843686597
9168656563
4694712622
4807039182
9493957227
8176022052
9013589653
4018852204
3363019072
9143740852
2198652624
5043229615
2516541594
2514421021
4842529346
5054747749
9365248862
2813423095
2767949638
5024453333
8189689755
5708229520
5164311050
2282132991
8324743220
9722396616
8122981890
2563785197
9707736364
8037077816
7574271684
5046572981
7139606400
3183968189
4149885040
8308884725
5036798556
6023592350
6025411384
7652153416
2489319793
3039745610
9107433227
9134843810
7078638598
3036764200
5128685437
8187306420
6619123657
2407648027
2037359477
5178036522
2147041155
2179359794
8052220515
3013024394
5712679233
2292200358
4042750231
8146026477
9176585212
3615480429
9562029050
7575691572
4434472291
8175561893
3302647340
7737101355
3038169433
2145851947
2067789629
2079465788
6088316863
7654136174
3013853034
9403673494
3108641268
7136721112
8569815103
6412033789
3364793424
6086295122
4807336717
9186355123
2162154032
2524357266
6122297193
9125523873
9013260112
3036905884
6156537157
5596818097
5867708669
6624534964
9258957498
6363218527
8434692335
7344281151
8432931724
7069361399
6072435737
2145412318
5105594640
6267987871
4239159984
7574107276
5126984545
6263356870
9036815764
4198268703
3376360026
2053383910
8312256834
2516432269
4235869529
2077324277
5859913134
9892204045
2052012435
8563138477
6624174400
3035024060
8643385516
6194667581
7066772617
9735868432
6019065609
9252073992
5416258147
6364568283
4015294544
9704458143
5155730671
2066606086
2155480322
6507031059
6233856089
4046420152
5175122153
8175388159
4237370871
5305132233
4094405211
2172480558
5706409687
5188277352
2566012800
8154413025
5707323702
3012622330
4096251967
4088393999
9142631642
5052572102
9018262637
9564563630
8607474017
6107043965
7322698163
3252002434
4197314223
3305444885
5053799922
8047888089
6789881259
2102600037
7147376772
7575394045
6015672563
6187912167
5104710508
7347215417
6152021511
5134560749
7088987616
7635728815
5594562727
2703130126
7402891018
5708638452
2814372503
3149542653
8035845804
5737856603
7408628918
8564706274
7082148967
9896894113
4252330082
4408136252
8147239596
4846463464
7575353451
9519437554
8188305891
7049915473
8128346101
6628150697
2698234348
4057699898
4789495912
4237413743
7314322143
6182181335
8453570404
6194050415
3307252170
2069095581
5093968328
5208959656
2708643196
8159681949
9099835818
6027437103
6318517902
2107121168
7349943941
3308836843
9365901855
4236381987
7139669256
2053453490
6073793523
3252072565
5022446764
4405700835
8324100326
9163292771
7209682231
6193166662
3342224004
9362542639
7065614532
9739529483
6619437510
2177994925
9084150541
4329239242
2486132181
9034561803
9034632872
9164696730
4402335249
5132894390
7174539232
8589673011
6029095492
5189634573
9406910425
3343582825
8605786435
4436006924
