6015030099
6015030297
6015030952
6015035633
6015035869
6015038719
6015038860
6015040478
6015041490
6015041491
6015041653
6015041679
6015042793
6015042965
6015043064
6015043177
6015043227
6015043823
6015070998
6015133669
6015134586
6015136344
6015136419
6015138168
6015138409
6015138821
6015145520
6015145592
6015145748
6015162155
6015170250
6015170542
6015170766
6015171465
6015171491
6015171520
6015171615
6015174008
6015174355
6015174693
6015175605
6015175616
6015175770
6015176144
6015176199
6015176268
6015176290
6015177736
6015179858
6015191142
6015191606
6015192910
6015193646
6015198106
6015200638
6015201079
6015201847
6015204396
6015205045
6015205115
6015205525
6015206859
6015206962
6015207072
6015207747
6015208213
6015208772
6015209024
6015209295
6015210036
6015210316
6015212288
6015212315
6015213496
6015214303
6015218265
6015218464
6015220111
6015220168
6015220738
6015220903
6015220958
6015221586
6015221679
6015221705
6015221786
6015221819
6015221890
6015223008
6015223151
6015223290
6015223545
6015224019
6015224188
6015224209
6015224334
6015224667
6015224837
6015224896
6015224929
